start=637.066667
ab-loop-a=548.100000
